Object	Area_(microns^2)	Perimeter_(microns)	Length_(microns)	Width_(microns)	Circularity	Eccentricity	Solidity	MarginRoughness	BranchCount	AvgBranchLength_(microns)	AvgLobeRadius_(microns)	LongestPathLength_(microns)	AvgConcavity	StdDevConcavity	LobeCount	AvgLobeDepth_(microns)	AvgNeckDepth_(microns)	NonLobeAreaRatio	ConvexHullArea_(microns^2)	ConvexHullPerimeter_(microns)	ConvexHullConvexity	ConvexHullRoundness
1	4416.55792	461.42323	124.57789	56.40468	0.26067	0.43528	0.70099	4.8367	13.0	14.81123	3.22203	142.9776	921.0	203.82345	22.0	2.71327	2.23001	0.89494	6300.49087	307.78942	0.66704	0.58585
2	3836.06699	442.24671	112.38469	66.25191	0.24647	0.23446	0.66193	4.71539	10.0	14.53878	5.12639	143.06265	1110.0	202.08662	19.0	2.94536	2.36736	0.877	5795.2361	290.62213	0.65715	0.57074
3	2485.23596	287.58477	78.26029	50.84377	0.37761	0.16516	0.74111	4.47012	7.0	20.35379	2.85792	101.51647	1146.0	178.78479	14.0	2.05872	2.54351	0.92998	3353.38306	218.48895	0.75974	0.65421
4	4643.43891	469.70213	122.83398	67.61782	0.26449	0.2861	0.6973	4.47377	9.0	14.31939	5.03609	156.98871	1111.0	192.82635	26.0	1.98848	1.78348	0.92242	6659.1817	309.49327	0.65891	0.60918
5	944.16493	152.21647	50.97701	26.47249	0.51208	0.33086	0.85513	5.88321	6.0	10.60081	1.9797	53.53548	953.0	223.95535	9.0	2.17925	1.31061	0.86629	1104.11505	130.22205	0.85551	0.69966
6	1721.05155	223.55088	66.23354	38.66656	0.43276	0.2417	0.78683	5.03027	5.0	15.45363	4.12612	73.97758	955.0	218.26131	11.0	2.77749	1.91655	0.85438	2187.32032	180.09157	0.8056	0.66683
7	557.33383	109.40693	41.86776	18.36346	0.58511	0.45877	0.88065	4.44486	3.0	13.59104	4.0636	34.78959	1052.0	185.66367	10.0	1.38635	0.65746	0.88657	632.86312	100.1679	0.91555	0.69802
8	1667.79999	231.94243	65.21669	40.53419	0.38958	0.19597	0.73113	5.04952	6.0	17.64111	2.55278	82.84642	1139.0	170.06469	13.0	2.04319	1.72458	0.91921	2281.12124	182.33491	0.78612	0.6304
9	3582.80449	444.00733	118.32584	57.52769	0.22838	0.38148	0.64659	4.85514	11.0	13.52326	3.63735	145.23392	1102.0	197.83832	21.0	2.15229	2.70414	0.91437	5541.09422	296.55021	0.66789	0.51196
10	2798.19884	305.13934	91.37013	46.17142	0.37765	0.35186	0.75508	4.89907	10.0	10.86193	4.68877	105.90186	1080.0	213.7171	15.0	2.64028	2.14658	0.90094	3705.8205	234.82035	0.76955	0.6377
11	564.27119	101.07059	30.15156	25.27842	0.69414	0.03044	0.93689	4.24755	0.0	NaN	3.43843	29.98054	1057.0	174.51647	7.0	1.89697	0.64542	0.84139	602.28011	93.10309	0.92117	0.81803
12	1303.2466	167.25196	50.11925	35.84552	0.58546	0.10444	0.85352	4.33093	6.0	11.96708	3.38634	62.31007	888.0	196.51717	10.0	2.06215	1.23456	0.92203	1526.90318	145.79828	0.87173	0.77043
13	286.77679	85.45436	25.94942	17.40177	0.4935	0.14409	0.76772	5.28317	3.0	12.63414	1.77131	28.95393	969.0	227.34555	4.0	3.34379	1.77517	0.72164	373.54264	74.39672	0.8706	0.6511
14	2124.20011	240.29718	59.73424	50.74857	0.46228	0.02611	0.82289	4.96071	9.0	13.97556	2.95219	68.19555	1175.0	118.41875	16.0	1.68545	1.45379	0.92337	2581.38191	187.29304	0.77942	0.76096
15	1182.3802	199.2505	84.04702	21.64864	0.37426	0.76661	0.73388	4.25364	7.0	5.48916	2.72395	86.61966	1096.0	188.32419	12.0	1.79009	1.17634	0.89017	1611.12859	176.31001	0.88487	0.47798
16	1437.40146	182.8444	52.05092	41.02696	0.54029	0.05457	0.80322	4.59836	5.0	17.11309	1.75048	64.48515	1050.0	217.66029	11.0	1.95766	1.39421	0.88777	1789.54577	157.96564	0.86393	0.72387
17	3215.51525	372.9579	102.66518	59.17226	0.2905	0.25129	0.69365	5.05269	10.0	13.7882	3.71976	116.22636	1205.0	97.27281	17.0	2.67833	2.55082	0.89808	4635.62217	271.92761	0.72911	0.54645
18	623.2876	109.86201	35.01772	24.35197	0.64894	0.12115	0.87829	4.55955	4.0	5.34726	4.2199	38.83098	1043.0	197.03045	8.0	1.53061	0.85361	0.88399	709.66262	98.74108	0.89877	0.80335
19	496.55865	95.47009	29.75857	22.63044	0.68461	0.07138	0.89931	3.74865	4.0	11.83435	2.65697	29.59211	892.0	194.05669	5.0	2.91027	1.20539	0.83255	552.15524	88.43159	0.92628	0.79793
20	778.7431	125.2139	41.21665	25.71647	0.62416	0.19323	0.8698	4.21558	5.0	14.44371	2.62571	44.12271	1071.0	194.83839	7.0	2.28628	0.95212	0.85445	895.31029	114.38345	0.9135	0.74796
21	747.08528	115.82334	40.98386	23.97139	0.69982	0.24029	0.9222	3.91564	5.0	7.34635	4.31367	38.58504	1156.0	147.9527	6.0	2.37238	1.12033	0.83874	810.10778	106.68413	0.92109	0.82486
22	1885.98485	206.98007	57.44326	47.45984	0.55321	0.03558	0.86243	4.13215	6.0	19.95344	3.64682	76.5503	875.0	179.26517	11.0	2.23703	1.61218	0.90706	2186.83177	177.53209	0.85773	0.75196
23	799.26205	119.4855	37.06003	29.4633	0.70351	0.05083	0.91683	3.49987	3.0	19.18182	2.29229	43.20717	973.0	215.33927	7.0	2.51933	0.86569	0.82934	871.76235	110.00595	0.92066	0.82998
24	2263.33815	259.8942	70.20135	47.72555	0.42108	0.13529	0.77216	4.93862	6.0	21.7457	2.65697	84.25766	998.0	215.20455	12.0	2.77714	2.42775	0.88966	2931.18119	208.75801	0.80324	0.65264
25	2525.10136	279.10436	82.03208	47.66599	0.40734	0.2452	0.77602	5.34319	7.0	17.99419	2.63464	97.22533	991.0	235.29343	14.0	2.20307	2.15739	0.93662	3253.915	227.71691	0.81588	0.61192
26	367.77779	108.38413	31.27893	22.43028	0.39343	0.10291	0.67856	5.28545	4.0	14.66103	1.09405	42.63563	819.0	187.90423	9.0	1.42652	0.81941	0.83316	541.99347	91.16536	0.84113	0.55608
