Object	Area_(microns^2)	Perimeter_(microns)	Length_(microns)	Width_(microns)	Circularity	Eccentricity	Solidity	MarginRoughness	BranchCount	AvgBranchLength_(microns)	AvgLobeRadius_(microns)	LongestPathLength_(microns)	AvgConcavity	StdDevConcavity	LobeCount	AvgLobeDepth_(microns)	AvgNeckDepth_(microns)	NonLobeAreaRatio	ConvexHullArea_(microns^2)	ConvexHullPerimeter_(microns)	ConvexHullConvexity	ConvexHullRoundness
1	1630.96358	207.8642	65.41157	36.70646	0.47435	0.27147	0.8079	5.02504	6.0	15.14133	2.96956	74.30857	886.0	188.41444	10.0	2.58842	1.9482	0.88342	2018.77178	175.84565	0.84596	0.66281
2	1141.24459	163.65263	56.82857	30.33958	0.53548	0.30957	0.86117	4.00948	3.0	22.63813	5.00136	56.17484	1084.0	207.67763	11.0	2.24624	1.15337	0.82586	1325.23119	147.53788	0.90153	0.65884
3	504.4731	97.25674	30.51415	22.16454	0.67021	0.09562	0.90786	5.1322	4.0	9.711	3.43843	27.22091	770.0	121.37545	8.0	1.5415	0.69628	0.87449	555.67277	87.46229	0.89929	0.82872
4	655.53167	116.73888	32.4781	28.14151	0.60447	0.02026	0.86167	5.65279	5.0	14.96085	2.06306	35.84381	917.0	216.28453	8.0	2.04469	0.89842	0.86868	760.76458	102.5763	0.87868	0.78291
5	323.12464	76.65756	23.04654	19.13799	0.69099	0.03376	0.91505	5.0819	4.0	6.80293	3.43843	25.55072	971.0	228.834	5.0	2.5695	0.98692	0.74025	353.1214	69.96722	0.91272	0.82945
6	1105.18986	147.88471	50.21181	29.14385	0.63504	0.24603	0.90684	5.12345	4.0	11.30534	3.98546	51.12905	964.0	220.88685	10.0	1.82615	0.98147	0.90054	1218.72806	131.95752	0.8923	0.79759
7	4004.81095	432.05865	93.3727	69.59491	0.26959	0.08164	0.72604	5.22294	10.0	16.53527	3.50095	114.00146	1107.0	189.6655	23.0	2.11149	2.11248	0.92015	5515.98293	277.61377	0.64254	0.653
8	2441.95074	292.8765	90.31083	44.5403	0.35775	0.37052	0.7121	5.67456	10.0	10.24304	2.78201	102.77982	1014.0	217.43965	18.0	1.85655	1.59777	0.93154	3429.20548	227.62099	0.77719	0.59227
9	2679.18892	290.59574	76.10054	54.13479	0.39869	0.10758	0.73136	4.87644	8.0	17.19828	3.00863	106.10718	1151.0	167.2812	18.0	1.78325	1.69111	0.93239	3663.31695	227.81256	0.78395	0.64872
10	2297.04786	296.41299	85.26791	43.64603	0.32854	0.34196	0.74079	4.52207	6.0	17.01097	4.42829	107.45558	979.0	216.081	12.0	3.11498	3.29446	0.85112	3100.80453	215.77766	0.72796	0.61996
11	477.89617	100.96333	27.82044	24.53978	0.58914	0.01558	0.85254	5.45782	5.0	11.14732	2.43816	35.19642	762.0	147.92228	7.0	1.78731	1.15099	0.87058	560.55824	90.8214	0.89955	0.72806
12	2327.14232	324.98769	73.22458	55.49274	0.27688	0.07311	0.68103	4.83253	9.0	12.38898	2.848	94.45649	1171.0	139.94642	14.0	2.82476	3.10731	0.88718	3417.08953	219.21547	0.67453	0.60854
13	4374.15209	422.64969	106.84322	64.83408	0.30771	0.21321	0.74244	5.12236	10.0	15.71864	3.62598	137.26222	1096.0	195.77794	22.0	2.03215	2.31514	0.94445	5891.57747	289.30292	0.6845	0.65675
14	1020.18277	154.67811	46.04391	31.22863	0.53583	0.1368	0.84508	4.74506	5.0	19.25644	1.81299	54.9245	1129.0	156.14737	10.0	1.8864	1.25733	0.89503	1207.19836	135.24609	0.87437	0.70087
15	1705.61348	229.46239	53.35228	46.55555	0.40707	0.01834	0.77517	6.3586	10.0	12.42577	1.59418	69.46811	1169.0	145.76008	13.0	2.17848	2.26281	0.92455	2200.31565	171.87932	0.74905	0.72551
16	724.51444	130.39836	41.79197	26.81438	0.53544	0.17369	0.85752	4.67882	3.0	19.64916	2.39648	46.04265	1006.0	229.76945	7.0	2.82954	1.54135	0.80904	844.89229	113.9174	0.87361	0.70158
17	546.29268	99.57431	31.59361	22.77476	0.69237	0.09992	0.92951	4.16277	4.0	10.50912	0.93775	36.92405	1150.0	129.63024	7.0	1.82613	0.72575	0.89054	587.72142	92.58424	0.9298	0.80087
18	2131.62602	283.97243	75.27446	45.40918	0.33218	0.2175	0.69889	5.64272	12.0	10.97289	2.50068	104.94189	1184.0	116.60617	16.0	1.909	2.27967	0.9124	3049.9957	210.57299	0.74153	0.60411
19	511.70359	101.09662	37.51783	18.5859	0.62915	0.36711	0.91797	4.29961	3.0	13.36784	2.60487	39.84458	1009.0	185.40496	9.0	1.54255	0.46684	0.86748	557.43154	93.45409	0.9244	0.73626
20	3242.3853	362.45568	110.39635	48.23922	0.31014	0.46152	0.70907	5.5992	12.0	13.28816	3.67287	119.46328	1102.0	203.78175	18.0	2.4423	2.13085	0.90893	4572.69738	271.41959	0.74884	0.55309
21	3538.15134	402.75152	111.30873	54.46611	0.2741	0.37655	0.67979	6.21536	14.0	14.63013	2.88025	131.33612	1125.0	172.62387	20.0	2.61535	2.53087	0.90796	5204.77882	275.73826	0.68464	0.58478
22	2446.15224	262.40027	69.65098	50.74836	0.44644	0.09391	0.7894	5.21652	9.0	15.86835	3.64682	86.51239	986.0	224.78657	12.0	2.90751	2.2433	0.89467	3098.75264	205.74074	0.78407	0.72619
23	915.04756	150.5869	55.04174	23.33824	0.50708	0.48334	0.83781	5.33963	5.0	9.88993	3.43843	56.46521	1113.0	170.75714	11.0	1.68935	1.02546	0.90614	1092.19452	135.20514	0.89785	0.62902
24	644.19739	126.2367	49.64269	18.81463	0.50799	0.5607	0.81779	4.57584	4.0	13.03796	3.75102	45.22135	1054.0	187.07752	11.0	1.50293	0.56132	0.85272	787.73235	114.44612	0.9066	0.61805
25	404.12565	81.99372	27.54871	19.45885	0.75538	0.11175	0.96771	3.91574	4.0	8.29786	3.36029	24.10426	939.0	218.90409	7.0	1.58181	0.34252	0.82544	417.60953	77.35085	0.94338	0.84878
26	247.39994	68.74488	24.20646	14.04699	0.65785	0.24618	0.91309	4.64261	3.0	8.8936	1.9797	24.72943	964.0	161.44659	6.0	1.95414	0.67409	0.74526	270.94788	63.98143	0.93071	0.75945
27	586.84204	111.2066	38.72602	20.84913	0.59631	0.30313	0.86492	5.07941	5.0	5.95765	3.12585	39.21941	1069.0	200.0275	8.0	1.62079	0.95243	0.87862	678.49336	99.99722	0.8992	0.73749
28	905.9606	129.68433	40.09143	30.48417	0.67693	0.07145	0.90046	3.71089	4.0	12.54092	2.57883	43.06849	1127.0	162.47769	10.0	1.27893	0.62916	0.93033	1006.11263	119.32039	0.92008	0.79963
29	2597.50394	333.65883	103.99179	42.84562	0.2932	0.50377	0.68063	5.78476	10.0	15.66539	3.06333	117.24377	1060.0	212.0731	19.0	2.13907	1.90684	0.90494	3816.32971	247.82292	0.74274	0.53148
30	4104.66985	430.80292	97.53653	70.62499	0.27793	0.09739	0.73642	5.95104	12.0	14.12696	2.65697	133.63686	1001.0	225.49945	23.0	2.15533	2.01248	0.92759	5573.82683	284.60748	0.66064	0.63679
31	2906.75387	329.56	93.93596	47.00963	0.33632	0.35932	0.73605	5.78902	10.0	14.57893	3.78228	104.6109	1137.0	181.77734	19.0	2.06015	2.18921	0.9204	3949.11665	244.15643	0.74086	0.61275
32	692.17266	129.16104	38.93873	25.4184	0.52139	0.16193	0.80564	6.08631	4.0	13.52906	3.0477	43.22938	922.0	219.67476	9.0	1.89193	1.19317	0.88622	859.15785	110.53773	0.85581	0.71187
33	500.2716	110.62047	37.02685	19.6741	0.51374	0.31322	0.84321	5.76488	5.0	8.26373	3.3134	38.81797	1047.0	235.805	6.0	3.34728	1.20878	0.76582	593.29085	97.53602	0.88172	0.66082
34	253.65333	69.37005	22.8753	15.35582	0.66238	0.14343	0.89641	4.2648	3.0	8.64945	2.81326	23.94337	848.0	212.47823	4.0	2.44645	0.82126	0.78351	282.96612	65.32333	0.94166	0.74699
