Object	Area_(microns^2)	Perimeter_(microns)	Length_(microns)	Width_(microns)	Circularity	Eccentricity	Solidity	MarginRoughness	BranchCount	AvgBranchLength_(microns)	AvgEndpointDist_(microns)	LongestPathLength_(microns)	MinCoreWidth_(microns)	MaxCoreWidth_(microns)	AvgConcavity	StdDevConcavity	ConvexHullArea_(microns^2)	ConvexHullPerimeter_(microns)	ConvexHullConvexity	ConvexHullRoundness	LobeNumber	NoneLobeArea_(microns^2)	AvgLobeLength_(microns)	AvgApicalLobeLength_(microns)	AvgBasalLobeLength_(microns)	AvgBasalLobeWidth_(microns)	AvgEquatorLobeWidth_(microns)
1	3236.5706	274.27002	102.8712	42.8953	0.54068	0.49528	0.86455	4.0536	4.0	15.80764	8.0379	100.73303	29.09093	33.94953	1025.0	221.75888	3743.66191	246.45157	0.89857	0.66963	12.0	2667.06499	3.98476	2.21956	1.7652	18.08805	21.64414
2	5533.73611	477.41394	143.94536	66.32966	0.3051	0.42212	0.68448	4.32139	7.0	26.12346	4.52929	183.58004	26.64372	30.22057	929.0	203.32486	8084.54698	353.52598	0.7405	0.5564	17.0	4468.90418	5.21617	2.68966	2.52651	20.11196	23.3958
3	3863.30595	371.03443	112.94132	58.4422	0.35265	0.3336	0.69899	4.13014	6.0	18.55479	4.01895	142.88598	22.32749	28.59314	993.0	220.61958	5526.95628	291.31902	0.78515	0.57205	14.0	2913.5317	4.83491	2.39097	2.44394	19.3092	21.22792
4	1149.18097	136.62884	40.91507	37.27174	0.77359	0.00865	0.96468	3.12651	3.0	16.31547	5.0609	42.21642	11.61029	25.02273	998.0	228.77718	1191.25579	129.09314	0.94485	0.86655	6.0	739.79896	4.72587	3.18091	1.54496	17.93205	27.827
5	7756.72232	617.91394	163.40044	91.97896	0.25529	0.26911	0.6464	4.06798	10.0	19.42687	8.5291	201.10928	22.32749	30.69198	1012.0	217.60974	11999.89808	414.08457	0.67013	0.56847	19.0	5664.74633	6.40238	3.63889	2.76349	22.52465	29.80243
6	6101.04825	527.26658	145.73597	72.85269	0.27577	0.36016	0.67914	5.03114	10.0	24.55267	3.34912	167.84245	23.16901	30.36539	1160.0	164.17369	8983.47251	363.25855	0.68895	0.58101	19.0	4707.99285	5.68495	2.75312	2.93485	18.55012	23.93063
7	559.33587	93.56965	33.01246	21.81811	0.80281	0.15365	1.0	2.67507	0.0	NaN	4.4655	26.07171	13.51505	19.27937	996.0	220.65811	558.73765	89.00683	0.95124	0.88723	3.0	93.92057	8.99916	7.08987	1.90929	18.71619	37.91181
8	2025.57354	198.82395	70.1527	39.31894	0.6439	0.2724	0.91119	3.76193	4.0	27.11283	3.90731	67.79125	31.00226	32.59508	1012.0	233.52516	2222.9862	181.89935	0.91488	0.7693	8.0	1507.11605	5.39584	2.93483	2.46101	19.73402	26.62884
9	7645.45336	623.08982	207.2316	63.47472	0.24746	0.68634	0.63911	4.29829	8.0	27.10161	4.4655	218.91099	21.6012	33.36896	1135.0	180.67927	11962.60902	452.45108	0.72614	0.46932	21.0	5935.74007	5.88452	2.91994	2.96457	19.84046	23.9521
10	372.29236	91.17052	30.60156	18.72337	0.56284	0.20723	0.8221	5.12648	3.0	13.84486	2.0839	32.72508	13.60329	13.60329	932.0	225.48171	452.85268	83.03355	0.91075	0.67856	5.0	168.8975	4.65535	2.84348	1.81187	9.64871	14.39384
11	2770.95589	295.66723	89.93836	47.36657	0.39832	0.32004	0.74992	4.89136	6.0	22.5139	1.56292	115.60926	18.75509	27.9727	963.0	217.50862	3695.00667	237.11817	0.80198	0.61931	10.0	1857.87249	7.74474	3.7371	4.00764	19.62531	24.49972
12	1042.29897	131.61389	45.26987	30.50578	0.75613	0.14095	0.96014	3.76712	3.0	17.38734	4.4655	44.83225	13.39649	24.11369	1016.0	203.41583	1085.57023	124.66563	0.94721	0.84277	7.0	726.0399	4.16182	2.42117	1.74065	14.56301	21.29417
13	1464.84182	179.68803	51.46975	40.79345	0.57011	0.05215	0.84758	4.67352	4.0	13.90788	5.13532	61.21995	19.50559	25.89989	1154.0	160.48053	1728.25811	154.75497	0.86124	0.76862	7.0	881.37774	7.03039	4.06299	2.9674	17.15286	22.838
14	701.31346	112.77673	41.40129	22.82129	0.69292	0.28507	0.96198	2.77792	0.0	NaN	2.6793	42.67611	11.29692	19.17566	1134.0	153.53501	729.031	106.74736	0.94654	0.77341	7.0	508.48716	2.81655	1.91746	0.89909	13.30152	19.12707
15	2529.87316	255.47775	81.56304	48.10358	0.48708	0.23413	0.82506	4.67133	4.0	26.4608	5.69351	88.42775	28.49534	30.54871	1180.0	133.01128	3066.27726	218.0603	0.85354	0.66858	10.0	1634.13814	5.62699	3.47023	2.16018	19.29807	28.89928
16	5820.8818	513.48156	133.75304	83.02101	0.27743	0.19692	0.66499	4.42212	9.0	19.61716	5.55706	186.43661	22.59383	29.45875	1216.0	74.93998	8753.35714	359.31121	0.69975	0.56657	16.0	4536.30366	6.48207	3.30067	3.1814	21.27799	23.10414
17	6400.95597	547.13147	170.1629	65.62372	0.2687	0.54916	0.65842	4.66535	9.0	24.2371	4.26703	191.53362	22.89194	32.75375	1214.0	77.32399	9721.67621	397.80777	0.72708	0.50829	19.0	4856.35146	6.03981	3.32825	2.71157	20.30505	25.56236
18	5668.93387	491.22524	136.14498	78.35155	0.29522	0.25241	0.64554	4.24948	8.0	20.72008	5.02369	176.10793	22.39882	29.37741	1034.0	218.68242	8781.6729	354.80614	0.72229	0.56589	17.0	4219.04755	5.99628	3.054	2.94228	19.75277	27.07093
19	2451.1075	218.52472	73.2728	44.69763	0.64502	0.2094	0.90662	3.48753	4.0	26.72182	4.68877	66.84013	40.97566	42.45747	1023.0	219.96818	2703.55642	200.00586	0.91526	0.76999	10.0	1874.22384	4.72108	2.52766	2.19342	17.05215	18.81859
20	654.85169	109.5108	36.94328	23.99728	0.68618	0.16526	0.93455	3.93143	4.0	11.09642	4.13059	34.80459	18.75509	18.83996	1139.0	131.82944	700.71524	101.46787	0.92656	0.79927	5.0	357.53626	6.07544	3.93947	2.13598	15.11415	23.11159
21	884.96706	117.19735	35.11946	32.88559	0.80966	0.00431	0.96583	3.86838	3.0	8.72669	9.5264	19.71166	21.47157	25.57448	992.0	194.45822	916.27392	109.77926	0.9367	0.92278	6.0	584.26171	3.92127	2.65413	1.26715	15.53338	26.90944
22	2566.7634	282.37909	116.66237	32.81816	0.40451	0.72818	0.83357	3.4399	3.0	42.2004	5.20975	110.75524	16.10058	25.41806	1164.0	140.55604	3079.23869	254.39007	0.90088	0.49842	11.0	1892.96807	4.78306	2.32014	2.46811	19.51966	24.18463
23	8800.01832	682.38123	138.45601	120.91619	0.23749	0.01813	0.65243	4.80327	13.0	20.56679	4.70595	202.30884	26.86731	33.93779	1151.0	164.62685	13488.07049	438.40661	0.64247	0.57536	25.0	7369.87326	5.00466	2.70773	2.29693	18.38998	21.19777
24	8158.92569	588.09031	192.35558	67.13902	0.29645	0.61279	0.70839	4.67159	12.0	24.29745	4.35386	207.62256	25.89989	38.4448	1149.0	170.92688	11517.53321	432.70991	0.73579	0.54758	18.0	6237.64186	7.66606	3.69546	3.9706	22.07051	25.69791
25	4606.29542	358.87149	99.49317	70.52965	0.44945	0.10962	0.79691	4.43494	6.0	24.81359	6.77267	108.64943	26.44842	42.54193	989.0	216.05323	5780.20283	286.71141	0.79893	0.70416	11.0	3038.55972	8.57207	5.13763	3.43444	20.69691	29.90401
26	2528.87613	274.12449	112.44139	30.30988	0.4229	0.74739	0.85857	3.51993	3.0	39.39159	5.80515	103.33027	23.4428	23.4428	1228.0	41.19466	2945.43678	244.56658	0.89217	0.5313	9.0	1671.22779	6.81598	4.19087	2.62511	22.81478	28.08678
27	8053.83834	601.22522	142.43422	97.45019	0.27999	0.13127	0.70077	4.58527	9.0	33.89009	5.25936	206.15371	32.27539	37.97512	953.0	215.60148	11492.80677	420.18946	0.69889	0.57322	19.0	6204.73975	6.27696	3.26573	3.01123	21.17558	27.92656
28	644.88136	122.51107	47.54808	19.33547	0.53993	0.51294	0.87547	4.02239	3.0	17.16187	3.72125	45.09383	14.4008	14.4008	1127.0	166.39411	736.60845	112.60086	0.91911	0.63916	5.0	208.97825	7.01019	5.61095	1.39924	12.26707	19.46348
29	2198.85799	226.83509	65.19067	50.87324	0.53702	0.05906	0.82095	3.9742	4.0	30.76649	5.13532	83.50256	35.18404	36.002	995.0	201.30574	2678.43117	199.43505	0.87921	0.69471	8.0	1319.27491	7.19936	3.95618	3.24318	19.27526	26.00359
30	1088.16252	144.99179	48.29639	31.08307	0.65045	0.17158	0.89313	4.35846	5.0	9.90289	5.62653	44.49405	20.5607	22.32749	929.0	228.96506	1218.37511	130.26032	0.8984	0.8059	6.0	561.92816	6.31552	3.75552	2.55999	16.76512	27.7113
