Object	Area_(microns^2)	Perimeter_(microns)	Length_(microns)	Width_(microns)	Circularity	Eccentricity	Solidity	MarginRoughness	BranchCount	AvgBranchLength_(microns)	AvgEndpointDist_(microns)	LongestPathLength_(microns)	MinCoreWidth_(microns)	MaxCoreWidth_(microns)	AvgConcavity	StdDevConcavity	ConvexHullArea_(microns^2)	ConvexHullPerimeter_(microns)	ConvexHullConvexity	ConvexHullRoundness	LobeNumber	NoneLobeArea_(microns^2)	AvgLobeLength_(microns)	AvgApicalLobeLength_(microns)	AvgBasalLobeLength_(microns)	AvgBasalLobeWidth_(microns)	AvgEquatorLobeWidth_(microns)
1	5738.12801	503.48565	117.89821	84.11973	0.28445	0.10583	0.68801	5.00986	8.0	27.12269	2.73512	174.26596	19.27937	33.04469	924.0	208.45383	8340.1864	349.1303	0.69343	0.59157	20.0	4675.88837	4.67787	2.32684	2.35103	16.99934	20.31563
2	6085.09571	499.87607	121.2573	86.30349	0.30602	0.10727	0.74661	5.11073	10.0	21.8483	3.5724	157.55095	23.64607	31.87753	892.0	189.04497	8150.3512	345.97672	0.69212	0.63883	18.0	4976.59371	5.60904	2.99825	2.61078	19.23051	22.12736
3	4889.65238	522.82737	116.03976	87.97951	0.22479	0.07288	0.57347	5.45964	11.0	15.04199	4.26252	166.80926	19.27937	24.04744	1070.0	212.60997	8526.43229	347.27605	0.66423	0.50949	18.0	3623.02084	6.39634	3.54814	2.84821	18.02845	21.81661
4	632.11933	100.47145	33.77776	24.70605	0.78691	0.09177	0.99373	2.80675	3.0	9.86203	6.5494	27.42995	22.48767	22.48767	851.0	177.70763	636.10746	95.55837	0.9511	0.8699	5.0	382.66151	5.00253	3.39137	1.61116	15.12385	25.25758
5	3484.03435	331.1931	104.47671	50.37313	0.39914	0.38783	0.7716	5.42862	8.0	13.00452	4.63295	126.35819	24.37688	27.91561	1036.0	214.85577	4515.36595	261.07027	0.78827	0.64236	13.0	2646.52609	5.77453	2.88864	2.88589	18.95948	24.06139
6	1273.21196	157.16243	55.62623	31.49315	0.64776	0.26475	0.89841	3.67864	3.0	21.79118	4.91205	54.40791	15.36547	23.22059	1058.0	201.32064	1417.18362	145.88062	0.92822	0.75182	6.0	796.82929	6.59654	3.87907	2.71747	19.64158	27.17133
7	1666.64143	203.3978	57.04815	44.34408	0.50624	0.06087	0.81414	4.73775	4.0	23.78479	2.00947	78.1834	24.52368	26.50866	932.0	217.49713	2047.10947	171.28056	0.8421	0.7139	10.0	1198.03562	4.91163	2.51562	2.39601	12.80652	18.61517
8	541.18986	95.13914	34.89717	20.37189	0.75135	0.24173	0.97978	3.03286	0.0	NaN	4.4655	26.58173	13.39649	17.79488	1106.0	194.71774	552.35664	90.64315	0.95274	0.82773	3.0	128.41793	8.72132	7.06279	1.65854	17.54272	35.82205
9	4818.06536	447.45247	113.44852	66.08511	0.3024	0.24334	0.72328	6.11024	10.0	21.31507	3.61705	141.09978	22.76966	30.84751	1194.0	97.3807	6661.38116	310.12107	0.69308	0.62954	20.0	3955.63126	4.74712	2.65559	2.09153	15.13732	18.31573
10	821.15691	115.91573	40.17202	27.22124	0.76798	0.13738	0.95678	2.75291	0.0	NaN	7.59135	27.6598	18.41172	22.59383	1121.0	177.35558	858.24656	109.79698	0.94721	0.85596	5.0	420.14998	5.27553	3.84555	1.42999	17.21655	30.79415
11	1822.97631	217.56045	68.18667	38.57906	0.48398	0.26525	0.78364	6.03303	5.0	22.7657	2.58999	76.44752	24.04744	25.57448	1172.0	107.18209	2326.27889	184.88702	0.84982	0.67016	12.0	1423.76404	3.98284	2.23535	1.7475	13.24626	15.88532
12	1195.84215	159.36344	49.7368	33.16384	0.59171	0.14781	0.85696	5.69394	5.0	14.69607	2.50068	57.89054	22.38101	24.37688	1124.0	175.4537	1395.44828	140.86953	0.88395	0.75727	8.0	817.16877	5.18315	3.26666	1.91649	14.23332	20.15647
13	487.74886	94.85127	32.91301	20.48843	0.68127	0.19486	0.89597	4.71997	3.0	10.20023	4.31665	24.24063	9.98516	14.28959	1190.0	62.88084	544.38037	87.60677	0.92362	0.7986	4.0	142.97462	6.96629	4.29168	2.67461	12.29878	23.04203
14	282.55933	65.90215	20.72395	17.90326	0.81756	0.0211	0.99022	4.15701	4.0	4.32349	4.80041	15.69271	15.97625	16.41944	1035.0	203.44041	285.35103	62.91046	0.9546	0.89717	3.0	44.4677	6.98944	5.31452	1.67492	11.55956	22.18804
15	621.75018	115.34768	36.88562	25.24896	0.58723	0.13095	0.85706	5.40319	4.0	11.09178	3.79567	36.08077	14.86414	15.80055	1081.0	204.72176	725.44168	103.41395	0.89654	0.73058	6.0	308.68162	5.38909	3.95849	1.50503	11.97961	19.82745
16	5871.13229	465.46	115.22706	77.57586	0.34054	0.14154	0.71796	5.53008	7.0	27.28799	5.42239	139.84989	30.02197	44.73529	1171.0	147.96621	8177.47051	338.89316	0.72808	0.6424	18.0	4795.73181	5.4369	2.92437	2.51252	17.01925	23.03858
17	7494.90128	576.75699	121.25315	99.06741	0.28313	0.03975	0.7344	5.69301	10.0	24.04166	4.28688	172.26851	24.37688	38.49663	1218.0	51.27377	10205.43694	380.74617	0.66015	0.64969	22.0	6026.66954	5.62106	3.11984	2.50122	17.49847	22.85267
18	278.5712	74.18304	28.14881	13.12797	0.63612	0.41306	0.93821	4.69281	3.0	11.20606	1.63735	28.78274	6.2517	11.19051	1150.0	66.7308	296.91662	69.7383	0.94008	0.71979	5.0	145.56691	3.78921	2.43152	1.35769	10.57719	15.03529
19	276.97595	71.65697	26.23969	14.04135	0.67785	0.30779	0.93725	4.7938	4.0	6.31052	1.67456	26.70323	10.45346	10.7172	955.0	187.39264	295.52077	67.61073	0.94353	0.76141	4.0	104.48913	5.54865	3.53261	2.01604	10.46154	16.17977
20	2816.62003	331.79063	84.21931	50.51036	0.32152	0.22176	0.73472	6.35474	9.0	16.34685	2.58007	113.00658	19.7696	26.79299	970.0	226.79947	3833.59435	239.19228	0.72091	0.61865	11.0	1828.16088	8.12387	4.36877	3.7551	17.72881	24.29845
21	581.07121	117.26852	44.01921	21.03015	0.53098	0.39481	0.80765	4.67444	3.0	16.74524	2.82815	42.05774	9.8241	12.14747	1177.0	68.34471	719.45947	106.81178	0.91083	0.64003	6.0	275.97891	5.10369	3.19186	1.91183	12.05926	16.49713
22	575.28841	102.25765	37.88614	20.07112	0.69136	0.3155	0.93791	4.85221	3.0	12.46471	4.31665	33.60503	16.46794	16.46794	1113.0	172.29335	613.3751	95.80266	0.93688	0.78766	7.0	393.82829	3.48921	2.28714	1.20207	10.94472	15.78537
23	1822.17868	215.84542	62.15188	43.01449	0.49149	0.1241	0.78143	5.18988	6.0	14.53146	4.24222	74.16989	19.66848	23.57851	958.0	222.66342	2331.86228	178.3761	0.82641	0.71966	12.0	1493.35699	3.65536	2.21361	1.44176	13.37793	15.10848
24	4349.65896	401.40752	101.57665	69.88335	0.33923	0.12779	0.72109	5.43632	8.0	18.09196	4.35386	116.73221	24.11369	35.11597	1080.0	206.30802	6032.05352	299.5641	0.74628	0.6091	16.0	3444.55182	5.46655	2.76974	2.6968	17.25286	20.05975
25	259.22875	70.33047	26.57479	13.305	0.65858	0.35898	0.96654	4.41689	3.0	10.07692	2.23275	29.15268	5.3586	10.7172	1163.0	75.25955	268.20205	66.80167	0.94983	0.72999	4.0	102.69446	4.52041	2.82649	1.69392	11.48209	19.48096
26	2144.61936	288.10762	99.30653	39.45261	0.32468	0.52906	0.68394	4.9425	5.0	13.52126	4.4655	105.36491	11.64459	19.64819	1188.0	104.53707	3135.6708	242.42183	0.84143	0.45858	10.0	1402.42752	6.43325	4.14653	2.28672	16.11476	22.01039
27	7458.40985	681.64136	156.99111	92.53146	0.20172	0.23459	0.6122	5.62591	10.0	20.61669	4.28688	217.20366	21.43439	30.22057	1219.0	53.56305	12182.95346	439.69925	0.64506	0.48478	28.0	5926.36796	5.0385	2.73521	2.30329	16.88661	19.63825
28	294.52374	72.81165	27.90807	13.66741	0.69812	0.37591	0.98467	3.55833	3.0	10.45743	1.63735	29.21615	11.98219	12.14747	999.0	194.81786	299.11009	69.17022	0.94999	0.77356	3.0	38.68491	7.76848	6.67205	1.09642	11.03759	22.09916
29	1837.533	243.29941	79.20306	35.19915	0.39009	0.44908	0.72691	6.29955	7.0	14.23001	3.5724	93.01475	15.18269	20.61881	867.0	194.04381	2527.87909	198.16149	0.81448	0.58804	8.0	1059.44795	8.59199	4.52344	4.06855	18.53283	24.64265
30	7232.08321	611.51671	144.68458	80.04353	0.24303	0.2823	0.71929	5.33342	12.0	19.99112	4.57714	178.07366	25.21326	31.30948	1036.0	211.76638	10054.48604	383.94928	0.62786	0.61649	23.0	5587.77533	5.81495	3.42406	2.39089	17.96924	23.44049
31	1072.60879	176.90038	56.40313	32.25398	0.43072	0.2572	0.71217	4.59128	4.0	14.20641	2.79094	68.39104	5.3586	11.29692	1177.0	117.87281	1506.11902	148.73632	0.84079	0.60928	8.0	628.72941	5.56667	3.14108	2.42559	14.94586	18.86594
32	1540.61638	199.11182	65.81819	32.65586	0.48833	0.36593	0.81249	5.62955	7.0	13.49546	3.5724	74.611	20.54129	24.37688	1213.0	52.95281	1896.15858	171.08444	0.85924	0.66143	8.0	1053.26634	6.5706	2.97034	3.60026	16.87586	20.32162
33	6184.79908	559.62717	146.17451	70.67653	0.24816	0.38568	0.66856	6.0395	13.0	15.69313	4.809	174.01753	23.16901	30.75688	1083.0	199.17831	9250.87693	374.88191	0.66988	0.55303	21.0	4882.87255	5.67814	2.87431	2.80383	18.10586	22.70703
34	7069.16792	647.69269	160.36852	80.53504	0.21176	0.35665	0.6801	5.17572	10.0	14.4149	5.04601	217.56815	22.39882	27.68609	1087.0	206.10677	10394.27511	396.26002	0.6118	0.56574	24.0	5478.10163	5.14614	2.71145	2.43469	18.42251	22.71942
35	4278.47076	438.36054	126.04075	63.07309	0.27979	0.35936	0.64057	5.75278	11.0	17.00331	3.04466	148.53245	17.86199	27.68609	842.0	169.25425	6679.12836	324.66707	0.74064	0.51006	18.0	3333.68168	5.11078	2.55076	2.56003	15.64918	18.64765
36	497.71919	93.0016	31.63519	20.69964	0.72313	0.16034	0.93623	4.45083	4.0	5.18621	4.24222	31.86371	13.97922	17.97328	1130.0	158.22136	531.61834	87.15398	0.93712	0.82342	5.0	246.86553	5.34192	3.38714	1.95479	12.2759	19.31932
37	981.47992	135.53763	40.71599	33.41917	0.67138	0.03801	0.90812	4.3863	3.0	20.28772	3.2747	47.37146	23.22059	23.22059	1162.0	104.05287	1080.78447	124.33894	0.91738	0.79777	6.0	553.95189	6.25897	3.84684	2.41213	14.88838	20.46238
38	2057.27921	226.58121	65.14759	47.57258	0.50356	0.09268	0.81115	4.79632	5.0	16.55626	4.91205	84.87394	22.32749	24.52368	1152.0	144.98276	2536.25417	192.34627	0.84891	0.69877	11.0	1538.82172	4.53365	2.59642	1.93723	14.4417	18.86934
39	668.61076	121.46474	41.93192	22.07433	0.56949	0.32037	0.85776	5.14228	4.0	13.91445	1.22801	48.41779	10.75434	11.61029	1037.0	222.44325	779.4809	108.5497	0.89367	0.71306	8.0	472.19513	3.64754	2.24967	1.39786	11.39303	14.97531
40	1476.0086	182.36733	60.77535	33.20575	0.55771	0.29183	0.87858	5.41431	6.0	14.62303	5.20975	59.24334	25.21326	27.33819	1023.0	236.70868	1680.00168	159.84992	0.87653	0.7259	10.0	1153.36852	3.82203	2.21459	1.60743	14.02771	17.71451
41	1448.09166	195.38619	53.84526	40.09166	0.47667	0.08219	0.8189	6.76584	6.0	14.42439	2.90257	64.89525	18.75509	21.61965	1008.0	214.18217	1768.33886	158.67456	0.81211	0.72276	11.0	1082.77853	4.04787	2.35428	1.69359	12.37453	16.89518
42	1002.81644	158.42546	49.99374	31.32992	0.50209	0.19013	0.78163	5.78348	5.0	12.73914	2.41137	63.40237	15.59731	18.75509	1192.0	98.50381	1282.98289	138.9818	0.87727	0.6524	7.0	572.0979	6.32472	3.43034	2.89439	14.50669	21.07724
43	351.95288	79.64999	24.23152	19.38826	0.69714	0.04812	0.91736	5.65986	4.0	9.01362	2.45602	29.81593	15.41729	16.10058	950.0	230.54934	383.65854	72.18149	0.90623	0.84887	5.0	166.50462	4.46857	2.6188	1.84978	10.09167	17.37488
44	623.14603	118.72197	35.55509	25.04573	0.55557	0.11338	0.82497	5.58647	5.0	5.75655	3.21516	42.36421	3.5724	15.80055	797.0	166.84424	755.35269	107.28792	0.90369	0.6803	6.0	398.01583	5.28187	2.80174	2.48013	13.06958	16.35054
