Object	Area_(microns^2)	Perimeter_(microns)	Length_(microns)	Width_(microns)	Circularity	Eccentricity	Solidity	MarginRoughness	BranchCount	AvgBranchLength_(microns)	AvgEndpointDist_(microns)	LongestPathLength_(microns)	MinCoreWidth_(microns)	MaxCoreWidth_(microns)	AvgConcavity	StdDevConcavity	ConvexHullArea_(microns^2)	ConvexHullPerimeter_(microns)	ConvexHullConvexity	ConvexHullRoundness	LobeNumber	NoneLobeArea_(microns^2)	AvgLobeLength_(microns)	AvgApicalLobeLength_(microns)	AvgBasalLobeLength_(microns)	AvgBasalLobeWidth_(microns)	AvgEquatorLobeWidth_(microns)
1	3205.35348	351.3229	78.96655	69.84515	0.32634	0.01492	0.72465	4.49809	9.0	12.54825	4.68877	102.35616	14.82061	26.10785	941.0	209.13871	4423.29986	248.05949	0.70607	0.6546	19.0	2740.35494	2.87846	1.66437	1.21409	12.53812	23.01236
2	602.08469	111.66167	34.84939	24.30056	0.60682	0.1195	0.87145	4.5828	4.0	13.42965	3.67287	36.02692	19.12652	19.85837	861.0	206.93477	690.90244	99.98504	0.89543	0.75683	8.0	440.57122	2.92454	1.51916	1.40538	10.12156	19.00645
3	2868.84266	353.76614	85.96397	62.34736	0.28806	0.09647	0.67125	4.11565	7.0	18.02801	2.85792	119.46709	15.62924	22.38422	1025.0	213.8925	4273.90235	246.94096	0.69803	0.59119	16.0	2217.21936	4.33171	2.35458	1.97714	14.45926	24.55173
4	1072.65266	158.41835	39.99356	38.05954	0.5371	0.00245	0.84	4.44536	5.0	16.15128	2.87578	53.02677	17.41521	23.56649	958.0	197.69927	1276.9628	133.95757	0.84559	0.75116	7.0	673.7056	6.1238	3.58965	2.53415	14.9722	29.65262
5	3419.04371	378.66027	91.82865	58.60561	0.29965	0.17737	0.74435	4.97473	10.0	16.62292	4.00109	114.75229	19.13673	26.8823	1130.0	182.93715	4593.31404	259.77254	0.68603	0.63669	12.0	2189.46992	8.76113	4.27895	4.48218	18.44006	34.97902
6	3364.61963	388.37262	113.53213	56.66051	0.28032	0.36143	0.6386	4.60048	7.0	18.5364	5.44791	136.10073	18.12992	22.93615	1192.0	117.88554	5268.77841	278.47864	0.71704	0.54521	19.0	2553.14392	4.47136	2.35452	2.12165	14.32857	24.16662
7	1778.89546	203.91167	52.08598	46.89352	0.53762	0.01095	0.83845	4.36138	5.0	21.53402	2.43816	68.70045	19.54093	32.006	1124.0	185.14049	2121.65967	173.74056	0.85204	0.74056	12.0	1470.13408	3.29815	1.77718	1.52591	11.91191	18.45209
8	393.37763	105.11961	35.41225	18.04676	0.44735	0.34535	0.77053	4.93375	5.0	6.85618	2.31313	43.00184	10.47975	11.47659	1066.0	196.76636	510.53108	90.62645	0.86213	0.60188	7.0	234.4046	3.77631	2.04036	1.73595	9.52554	19.5456
9	2387.42896	265.8479	69.41967	50.26101	0.4245	0.09745	0.79473	4.41299	7.0	17.17508	4.77808	78.17605	21.83624	30.0732	1151.0	166.34302	3004.07233	208.53011	0.7844	0.68993	13.0	1743.72011	5.11486	3.00559	2.10928	13.08659	25.0824
10	870.29671	139.51695	38.29732	31.81912	0.56185	0.03357	0.84926	5.60999	5.0	12.30664	3.56347	47.53893	16.02436	21.36581	972.0	224.42148	1024.7751	119.64949	0.8576	0.76393	11.0	670.96974	2.9301	1.62623	1.30387	8.83007	16.93256
11	2003.52913	240.59517	64.31823	46.61132	0.43494	0.09692	0.76743	4.80198	5.0	23.54497	3.43843	80.89507	26.25713	29.08887	1022.0	217.41895	2610.6947	193.83512	0.80565	0.6701	13.0	1570.28611	3.99601	1.97533	2.02068	12.0939	20.17161
12	591.53208	106.32552	36.47999	21.87161	0.65753	0.222	0.88716	4.26781	3.0	15.64226	1.66712	39.21941	8.50323	15.77857	1104.0	170.34964	666.76824	96.85081	0.91089	0.79247	6.0	302.31256	4.32247	2.34067	1.9818	10.82686	26.2851
13	1964.93396	237.19736	79.36135	34.28539	0.43887	0.46982	0.81928	4.70332	7.0	14.39772	3.1705	78.12242	19.8682	25.50968	1171.0	143.39107	2398.3724	196.75192	0.82949	0.63785	14.0	1573.80364	3.43995	2.03931	1.40064	12.82548	22.23344
14	3265.83553	363.29537	84.31961	65.74175	0.31095	0.05947	0.70307	4.58072	7.0	21.02438	3.48309	106.55844	18.80712	25.90497	1129.0	182.2608	4645.09997	257.32028	0.70829	0.61981	17.0	2579.23231	4.37973	2.59223	1.7875	14.11916	26.32826
15	1580.05704	195.74542	63.14069	36.70243	0.5182	0.24492	0.84749	4.79929	6.0	13.71682	3.75102	65.83355	16.55225	26.00285	1084.0	204.82431	1864.39109	170.16558	0.86932	0.68571	13.0	1254.68508	3.23846	1.82368	1.41478	11.27761	21.51034
16	717.8702	132.72132	47.66592	22.77929	0.51212	0.39458	0.80506	4.51587	4.0	13.1841	2.65697	47.79788	11.40828	15.00407	1141.0	143.90274	891.69504	119.03453	0.89688	0.63666	8.0	434.22011	3.93061	2.37112	1.5595	10.40685	20.84386
17	2739.76868	294.80945	71.91445	61.93158	0.39613	0.02201	0.7596	4.32714	7.0	16.09384	4.37619	93.63901	21.52981	23.26606	1026.0	226.77301	3606.84098	224.07698	0.76007	0.68569	15.0	2169.34181	3.73152	2.09018	1.64134	13.45018	24.01578
18	3271.99122	387.97499	97.07584	59.68503	0.27316	0.20373	0.67274	4.53886	7.0	19.76266	4.15291	116.86835	15.62924	27.23617	1165.0	160.32779	4863.67566	264.57308	0.68193	0.5874	19.0	2555.48895	3.85878	2.46855	1.39023	12.8024	24.82829
19	3305.89635	394.87026	88.86962	64.32204	0.26643	0.09763	0.68966	5.21357	12.0	14.41458	3.07375	118.39605	18.75509	23.75645	955.0	220.76911	4793.52039	266.19228	0.67413	0.58628	17.0	2524.22197	5.38221	2.90173	2.48048	14.2556	24.0374
20	1482.83629	191.3248	56.66609	42.25459	0.50905	0.08141	0.83238	3.6354	3.0	27.38921	5.41814	57.9653	15.00407	21.25577	1187.0	120.94627	1781.4359	168.55722	0.881	0.65586	11.0	1083.49839	3.71963	2.18664	1.53299	12.22546	24.4601
21	668.62472	129.65292	44.65496	23.72121	0.49984	0.31342	0.80157	4.2693	4.0	12.04428	2.81326	50.62416	11.94385	14.5007	1141.0	154.15252	834.14427	115.57383	0.89141	0.62903	10.0	451.51466	2.77808	1.7242	1.05387	8.39012	16.38187
22	2567.31177	324.71034	94.81076	47.78728	0.30598	0.35383	0.67625	4.67931	7.0	14.67571	2.6793	118.57916	16.98346	21.33835	1093.0	201.58869	3796.39702	244.33619	0.75247	0.5404	14.0	1885.69172	5.4927	2.62426	2.86844	13.89209	24.59047
23	963.02283	154.30111	60.43012	22.67128	0.50829	0.56736	0.8512	3.85851	5.0	7.65893	3.62598	58.2909	13.42296	16.87958	902.0	195.75239	1131.37595	137.8042	0.89309	0.63727	6.0	534.9584	5.90355	3.49798	2.40557	16.21543	32.63575
24	514.24403	99.10084	34.20743	20.55352	0.658	0.22042	0.90977	4.39835	3.0	12.04166	3.64682	27.28374	9.37755	14.3789	934.0	216.571	565.24828	91.72145	0.92554	0.76813	10.0	418.48892	1.83257	1.16656	0.666	8.12489	15.21504
