Object	Area_(microns^2)	Perimeter_(microns)	Length_(microns)	Width_(microns)	Circularity	Eccentricity	Solidity	MarginRoughness	BranchCount	AvgBranchLength_(microns)	AvgEndpointDist_(microns)	LongestPathLength_(microns)	MinCoreWidth_(microns)	MaxCoreWidth_(microns)	AvgConcavity	StdDevConcavity	ConvexHullArea_(microns^2)	ConvexHullPerimeter_(microns)	ConvexHullConvexity	ConvexHullRoundness	LobeNumber	NoneLobeArea_(microns^2)	AvgLobeLength_(microns)	AvgApicalLobeLength_(microns)	AvgBasalLobeLength_(microns)	AvgBasalLobeWidth_(microns)	AvgEquatorLobeWidth_(microns)
1	1788.66639	232.5308	84.1202	30.05232	0.4157	0.5985	0.7858	4.79414	6.0	18.41733	1.77131	94.9652	18.80712	22.41039	985.0	226.4023	2276.23578	197.39514	0.8489	0.57685	14.0	1395.28876	3.64244	2.12025	1.52219	11.78784	22.65505
2	754.12035	123.84328	39.39788	26.33493	0.61788	0.1462	0.86983	4.64615	4.0	14.0234	2.26624	44.35024	18.51389	19.38026	923.0	221.62581	866.97459	111.15983	0.89758	0.76693	8.0	503.3983	3.85907	2.07263	1.78644	10.77322	20.28219
3	1520.74749	204.3277	65.77207	36.15154	0.45773	0.28726	0.76504	4.58127	7.0	11.51736	3.75102	74.40663	18.12992	20.41158	903.0	195.83667	1987.79793	168.58706	0.82508	0.67239	9.0	964.39076	6.11849	3.24824	2.87025	15.17467	26.56046
4	1701.80282	232.5308	75.61656	34.39505	0.39551	0.43183	0.77727	5.12691	5.0	14.77146	4.00109	84.00251	14.43316	25.00679	1107.0	201.38769	2189.46992	193.6734	0.83289	0.57014	10.0	1112.12722	6.14954	3.46027	2.68927	15.09583	28.86584
5	1243.74164	197.86148	60.43468	32.0032	0.39922	0.31583	0.75031	5.47659	6.0	12.49483	1.9797	70.79429	14.25606	16.92583	989.0	231.40657	1657.63822	157.95759	0.79832	0.62641	11.0	905.37434	3.8382	2.16969	1.67163	11.93203	21.48562
6	1980.95828	272.7692	88.19356	38.47996	0.33458	0.46261	0.67474	4.64214	9.0	10.72679	3.05639	96.79247	14.04894	18.65061	1101.0	201.19145	2935.87124	210.60569	0.7721	0.56124	14.0	1370.4706	4.62962	2.58323	2.04638	13.27109	24.05877
7	2771.71962	347.84924	79.86024	56.59002	0.28786	0.10985	0.71399	5.18255	11.0	12.96133	1.96076	122.90172	16.87958	21.38409	1165.0	158.22768	3881.99036	232.88738	0.66951	0.6422	16.0	2155.46709	4.77233	2.36574	2.40658	13.70375	22.07633
8	407.54548	93.79609	28.47859	21.06643	0.58213	0.08565	0.88182	4.82466	5.0	10.12299	1.68796	32.04836	11.49361	14.82061	1008.0	221.7228	462.16497	85.56631	0.91226	0.69949	8.0	300.45609	2.74146	1.60084	1.14062	8.68841	15.12266
9	2433.93858	306.0679	67.76716	58.5954	0.3265	0.02085	0.69919	5.1505	8.0	18.36004	3.12585	85.77615	16.25441	23.56649	1035.0	217.52931	3481.08912	222.1142	0.7257	0.61996	13.0	1711.0852	5.98164	2.97413	3.00751	13.53736	24.32391
10	2851.3527	367.55129	90.38373	55.97751	0.26523	0.1985	0.66807	4.82982	10.0	11.84075	4.62626	126.5899	15.62924	20.04447	1123.0	186.08063	4268.03979	247.21253	0.67259	0.5863	17.0	1937.28223	5.07828	2.83078	2.27707	13.96611	27.03743
11	2100.9453	274.14743	74.83762	48.86567	0.35128	0.16175	0.7039	5.30335	7.0	15.206	3.97429	93.82751	16.87958	21.25577	1189.0	118.28356	2984.72589	211.97625	0.77322	0.58756	13.0	1474.43329	5.05124	2.76305	2.28818	13.70626	26.08883
12	726.2732	126.26811	46.36507	22.0788	0.57243	0.39729	0.87048	4.37351	4.0	10.5618	3.75102	46.36443	16.68161	18.46104	1078.0	186.2901	834.33968	116.01935	0.91883	0.67803	7.0	479.55723	4.33342	2.18614	2.14728	12.62409	25.23419
13	1461.82879	249.59349	81.58248	35.27914	0.29488	0.46911	0.62213	5.67246	8.0	14.87353	2.30531	100.70819	9.8848	18.38679	956.0	219.38778	2349.71317	198.75374	0.79631	0.46502	15.0	1082.13046	3.67578	1.92745	1.74833	11.84642	17.80895
14	2958.83292	340.54871	84.09151	64.14101	0.32061	0.0699	0.72129	4.8609	11.0	10.11122	4.20569	122.99978	18.12992	22.54082	1206.0	92.34717	4102.12941	239.39375	0.70296	0.64879	18.0	2352.05819	3.81802	1.95883	1.85919	13.75634	24.92649
15	1822.08297	225.7796	58.03232	45.24934	0.44917	0.05944	0.79856	5.08921	7.0	18.72005	1.42896	89.34406	19.39034	26.7292	1195.0	99.50879	2281.7075	177.59397	0.78658	0.72597	12.0	1381.41404	4.37765	2.16403	2.21362	13.28629	24.24693
16	4591.06673	493.30912	108.19019	73.9264	0.23707	0.13207	0.69042	4.45424	12.0	12.71924	4.97531	151.38217	19.38026	23.35827	1065.0	213.88081	6649.7039	301.88713	0.61196	0.63304	23.0	3627.16451	4.05981	2.25015	1.80965	14.83293	27.92851
17	519.42262	100.85068	38.53652	17.82664	0.64176	0.4192	0.91576	3.67349	3.0	14.71931	2.18809	40.93403	11.27041	11.27041	1064.0	183.63279	567.20247	95.06234	0.9426	0.72229	7.0	324.10174	3.59883	2.06785	1.53098	10.40746	18.42016
18	2774.26006	370.6143	92.47077	50.49162	0.25381	0.29231	0.67911	4.82017	11.0	13.67426	2.75643	120.95036	13.42296	19.8682	1068.0	211.72152	4085.12799	244.88821	0.66076	0.58133	17.0	2133.48249	4.50663	2.20231	2.30432	13.76187	22.04376
19	4034.22144	463.31937	115.77353	66.80134	0.23616	0.25046	0.62303	4.36157	11.0	13.96768	3.3816	138.48114	16.83321	22.09424	1089.0	201.08953	6475.1951	310.39683	0.66994	0.52618	20.0	3079.30849	4.69538	2.3845	2.31088	15.51551	26.85091
20	4143.65586	483.60216	94.8571	76.47482	0.22265	0.045	0.65463	4.94418	12.0	18.26271	2.94351	147.19829	15.91422	25.38682	1073.0	214.52739	6329.80366	296.36029	0.61282	0.59286	23.0	3125.62269	4.66467	2.50111	2.16356	13.67453	22.17918
21	3248.54099	349.8558	100.69417	49.88933	0.33352	0.36701	0.74796	4.1572	8.0	18.28285	4.72785	118.71245	18.75509	30.88111	1207.0	95.19454	4343.17824	258.53008	0.73896	0.61077	20.0	2648.80133	3.11022	1.90597	1.20633	12.33012	23.78589
22	943.18784	142.04366	53.09206	23.75797	0.58744	0.44399	0.87027	4.15539	4.0	9.48901	4.61063	49.92314	15.62924	20.19985	991.0	209.55429	1083.79152	129.06152	0.9086	0.71156	9.0	708.09927	3.63433	1.84119	1.79314	11.80347	19.55391
23	3553.19858	424.49378	90.79766	70.1676	0.24779	0.0636	0.65104	4.56557	10.0	15.15377	3.15711	135.68628	16.68161	21.22817	992.0	221.17414	5457.74819	273.48194	0.64425	0.597	26.0	2974.3687	2.82832	1.50837	1.32373	11.60018	20.18457
24	1659.98324	205.24324	56.99433	41.84718	0.49519	0.08968	0.82531	4.75506	5.0	16.07175	2.87578	64.96244	17.43764	23.16505	1058.0	211.37644	2011.34587	168.1366	0.81921	0.73789	12.0	1282.14139	3.98668	2.15955	1.82713	12.44205	21.15741
