Object	Area_(microns^2)	Perimeter_(microns)	Length_(microns)	Width_(microns)	Circularity	Eccentricity	Solidity	MarginRoughness	BranchCount	AvgBranchLength_(microns)	AvgEndpointDist_(microns)	LongestPathLength_(microns)	MinCoreWidth_(microns)	MaxCoreWidth_(microns)	AvgConcavity	StdDevConcavity	ConvexHullArea_(microns^2)	ConvexHullPerimeter_(microns)	ConvexHullConvexity	ConvexHullRoundness	LobeNumber	NoneLobeArea_(microns^2)	AvgLobeLength_(microns)	AvgApicalLobeLength_(microns)	AvgBasalLobeLength_(microns)	AvgBasalLobeWidth_(microns)	AvgEquatorLobeWidth_(microns)
1	2690.5232	347.43859	89.42098	48.88042	0.28009	0.29146	0.70365	4.91448	8.0	10.02081	4.49341	132.56424	13.24711	22.59277	978.0	220.89817	3823.65791	255.02729	0.73402	0.51984	15.0	1901.61833	5.35703	2.78258	2.57776	14.15152	25.74904
2	1280.96888	198.79543	60.17189	33.14285	0.40732	0.28566	0.75202	4.29953	6.0	15.22611	3.38634	70.71845	13.12856	20.7816	1061.0	219.52904	1703.36617	160.96367	0.8097	0.62129	9.0	837.95493	5.3493	3.13094	2.21836	15.01259	29.20654
3	1474.33558	195.56231	57.72373	36.8634	0.48444	0.17692	0.79525	5.59899	5.0	18.24912	3.25088	65.45813	22.44525	23.78933	1043.0	208.87556	1853.9362	164.06407	0.83893	0.6883	14.0	1187.46108	3.28243	1.8132	1.46923	10.27084	17.87412
4	1385.2247	209.32906	80.77916	25.08337	0.39726	0.67917	0.75866	4.40608	4.0	9.15517	3.28214	87.42793	13.12856	18.38679	893.0	199.1055	1825.89363	179.18333	0.85599	0.54217	9.0	831.01757	6.00719	3.30109	2.7061	16.19269	28.8594
5	2440.97365	310.58276	108.92716	34.84522	0.31799	0.66314	0.73179	5.06462	10.0	12.07435	2.96956	126.97452	16.30243	19.94674	1115.0	178.84071	3335.59997	241.9466	0.77901	0.524	18.0	1909.53279	3.82067	2.06278	1.75789	12.2818	21.21349
6	3881.89265	478.66364	99.82663	76.91321	0.21291	0.06503	0.63951	4.75614	14.0	9.47456	4.01895	151.90388	16.25441	19.8682	1078.0	207.30895	6070.09235	296.01293	0.61842	0.55671	26.0	2958.34438	3.53553	1.91766	1.61787	12.5004	23.29914
7	611.17165	125.58011	41.75159	21.61976	0.487	0.33306	0.83937	4.60559	3.0	21.27746	0.93775	50.15068	7.31742	14.04894	1158.0	126.2141	728.12968	111.11553	0.88482	0.62205	8.0	404.41878	3.62794	2.11209	1.51585	10.63604	19.0476
8	816.26347	127.13922	36.82012	30.74437	0.63457	0.03183	0.86876	3.93106	5.0	15.18134	1.12531	50.31157	15.62924	18.22667	1033.0	198.4641	939.5726	113.74926	0.89468	0.79276	8.0	580.58864	3.70875	1.90822	1.80052	11.4206	22.13535
9	3533.16817	410.86033	102.07147	65.16309	0.26302	0.17715	0.64859	4.73465	10.0	14.79514	3.96983	137.06609	15.32622	25.17036	1182.0	130.97328	5447.48871	279.1279	0.67937	0.56986	17.0	2659.94019	5.49911	2.97622	2.52289	14.97776	25.09213
10	400.02186	84.20402	26.17141	20.70672	0.70897	0.05291	0.92124	5.10126	3.0	10.97136	2.91746	24.59075	7.50204	15.26234	904.0	221.14701	434.22011	77.55178	0.921	0.83581	6.0	255.11897	3.49188	1.84658	1.6453	10.02825	20.26446
11	246.42285	63.98946	20.63718	15.72788	0.75626	0.07031	0.94528	3.64865	4.0	7.61676	2.0318	22.74666	13.14344	13.49556	974.0	213.4432	260.6884	60.43626	0.94447	0.8478	4.0	93.5078	4.30429	2.46779	1.8365	10.20635	23.77588
12	2676.64848	335.91357	111.3896	38.56505	0.29809	0.61768	0.70119	5.03762	6.0	18.26871	3.23004	127.12621	17.00646	21.22817	1060.0	206.0364	3817.30681	261.64471	0.7789	0.49133	17.0	1985.74604	4.74412	2.6278	2.11632	13.35985	24.24901
13	1056.2375	162.43371	58.16174	27.04382	0.50306	0.41533	0.80074	4.20627	4.0	10.51928	5.0795	60.30509	14.04894	16.98346	1205.0	91.66242	1319.07551	143.23422	0.8818	0.64696	8.0	685.33301	5.16499	2.75881	2.40618	13.62578	26.55737
14	4453.39433	510.63076	109.66172	76.57459	0.21463	0.11865	0.66423	4.98511	15.0	15.06346	2.95914	148.17127	16.87958	25.31744	1179.0	145.12408	6704.61652	311.09369	0.60923	0.57825	25.0	3441.80998	4.38461	2.45488	1.92973	13.05645	24.50487
15	276.02876	79.27851	27.91605	15.44368	0.55189	0.28232	0.85451	4.53407	4.0	5.26912	2.50068	27.43543	7.55395	9.5223	1126.0	151.52228	323.02694	72.80104	0.91829	0.65447	3.0	47.87756	8.97453	5.21396	3.76057	11.04629	30.11451
16	471.74048	90.99966	29.8184	21.36462	0.71587	0.1034	0.91665	3.83873	4.0	6.49494	3.12585	31.70436	11.94385	15.44055	1097.0	188.49138	514.63487	85.01459	0.93423	0.82021	5.0	258.34338	4.79777	2.62283	2.17494	12.61746	25.92128
17	977.67922	159.38371	55.07872	25.67068	0.48364	0.41356	0.81257	4.94282	5.0	13.30768	2.18809	60.02392	16.87958	18.1407	959.0	220.32476	1203.19228	138.61516	0.86969	0.63942	10.0	726.95717	3.7202	1.92712	1.79308	11.72697	19.42091
18	3760.04916	427.8916	95.55543	68.04332	0.25807	0.10699	0.70078	4.90638	10.0	16.83935	3.37592	125.09362	15.12084	23.20719	1129.0	186.83683	5365.51061	274.24192	0.64091	0.62825	20.0	2895.22417	4.22424	2.47271	1.75153	14.13648	27.39068
19	1448.14949	229.4992	78.06765	32.12948	0.34551	0.50454	0.6853	4.53993	6.0	14.48934	1.82341	85.28427	15.32622	17.60494	963.0	219.94772	2113.15896	188.37967	0.82083	0.51281	15.0	1140.85375	2.85309	1.62645	1.22663	11.41403	18.74531
20	1059.3642	147.13388	46.43228	30.34306	0.61494	0.1612	0.89081	5.62831	6.0	12.24635	2.60487	52.68277	16.44565	23.23244	1075.0	197.0609	1189.21985	128.53206	0.87357	0.80581	11.0	836.09845	2.94034	1.72462	1.21572	10.03262	19.21859
21	3059.66892	412.75424	94.26285	68.69932	0.22568	0.09376	0.61232	5.12384	10.0	21.25146	1.75048	127.82026	14.54108	20.64007	1144.0	174.74553	4996.85344	275.53427	0.66755	0.50645	24.0	2460.4178	3.33262	1.90172	1.4309	11.73679	18.94695
22	523.03787	101.64594	34.52058	21.19401	0.63615	0.20475	0.88159	4.39327	5.0	9.64431	1.75048	35.97329	13.12856	14.82061	1078.0	170.37605	593.29085	93.13324	0.91625	0.75776	6.0	306.22094	4.37105	2.54825	1.82279	11.93221	22.37834
23	3564.33744	493.37195	94.04482	77.51808	0.18401	0.03644	0.60587	4.57355	11.0	9.22424	3.86469	126.16624	12.50339	18.39742	1134.0	187.73119	5882.97905	289.49276	0.58676	0.53446	22.0	2772.40359	4.14403	2.16391	1.98012	14.9096	23.90658
24	1092.58536	183.97446	63.51883	25.68557	0.40565	0.51685	0.74841	5.36612	8.0	8.69069	3.08678	63.83777	13.75373	15.67918	1156.0	143.82628	1459.8746	151.26511	0.82221	0.60005	10.0	713.47328	4.65798	2.6372	2.02078	12.51762	24.05672
25	3164.70641	337.34163	84.46168	58.49646	0.34946	0.12366	0.7549	4.8126	9.0	13.47902	4.48038	108.17881	20.19985	24.56527	1001.0	225.45288	4192.21738	242.6869	0.71941	0.67523	14.0	2412.93108	5.36251	2.71578	2.64673	16.25354	28.71789
26	3963.28449	461.38103	104.6781	68.30195	0.23396	0.16222	0.67674	4.90524	12.0	13.69907	3.72497	143.6564	16.87958	22.98721	1057.0	216.66103	5856.40212	284.1958	0.61597	0.61664	22.0	3039.24768	4.46688	2.60914	1.85774	14.27799	26.73424
27	355.36871	82.61889	29.31254	16.95914	0.65423	0.24843	0.92263	3.55184	3.0	12.72046	1.9797	27.67217	8.12721	11.86176	762.0	106.74268	385.17005	77.20266	0.93444	0.74925	5.0	153.30589	4.20444	2.44489	1.75955	10.64776	24.94759
