Object	Area_(microns^2)	Perimeter_(microns)	Length_(microns)	Width_(microns)	Circularity	Eccentricity	Solidity	MarginRoughness	BranchCount	AvgBranchLength_(microns)	AvgLobeRadius_(microns)	LongestPathLength_(microns)	AvgConcavity	StdDevConcavity	LobeCount	AvgLobeDepth_(microns)	AvgNeckDepth_(microns)	NonLobeAreaRatio	ConvexHullArea_(microns^2)	ConvexHullPerimeter_(microns)	ConvexHullConvexity	ConvexHullRoundness
1	2342.97123	219.1747	67.58718	46.65064	0.61291	0.12576	0.89002	4.26608	4.0	22.69763	4.84507	74.14768	1036.0	204.30125	14.0	1.4971	1.21452	0.95542	2632.48387	192.69819	0.8792	0.79291
2	386.04943	84.41855	25.67483	20.36416	0.68073	0.05184	0.90062	4.2463	5.0	6.9927	3.25088	26.48848	828.0	187.78445	6.0	2.19658	0.6886	0.84865	428.65068	78.32002	0.92776	0.79087
3	649.37599	122.10645	47.16603	20.09943	0.5473	0.47973	0.81506	3.38072	3.0	19.8785	1.35453	46.72145	1045.0	209.38481	6.0	2.66065	1.07158	0.81312	796.72161	111.93382	0.91669	0.6513
4	4780.32963	363.10688	128.58182	52.94237	0.45562	0.50423	0.81425	4.59134	8.0	21.98971	5.50931	131.59126	1073.0	210.52553	21.0	1.61328	1.39442	0.95395	5870.8631	307.36978	0.8465	0.63584
5	426.30566	85.40993	26.03149	22.24644	0.73437	0.02429	0.92948	3.47567	4.0	9.41182	3.67287	24.42986	968.0	198.42379	6.0	2.02699	0.52052	0.83566	458.64744	79.95895	0.93618	0.83791
6	4965.00021	334.20816	114.73048	57.42658	0.55859	0.35918	0.88668	4.29619	9.0	23.00093	5.93911	113.27823	1152.0	161.03726	18.0	1.71748	1.71905	0.95604	5599.52438	286.8885	0.85841	0.75806
7	1858.82166	178.36095	62.58285	38.38433	0.73426	0.20548	0.9416	2.93451	3.0	23.57409	5.73072	55.7588	1228.0	42.0	11.0	1.7073	0.70283	0.91873	1974.11863	165.54719	0.92816	0.85232
8	6262.48196	580.4873	134.69113	102.23009	0.23355	0.07235	0.57487	4.24085	12.0	12.65514	3.46448	184.06332	1167.0	146.95237	31.0	1.72751	1.71817	0.93712	10893.80491	411.6572	0.70916	0.46439
9	444.47959	99.46166	31.7569	19.40808	0.56461	0.20806	0.85171	5.63399	5.0	7.14731	1.37537	36.94246	884.0	222.68588	8.0	1.72964	0.77861	0.88481	521.86535	88.80373	0.89284	0.70827
10	557.92008	108.18801	34.60762	23.37905	0.599	0.13934	0.8562	3.93814	5.0	5.64062	2.87578	41.0727	1066.0	161.80853	6.0	2.49289	1.45124	0.8373	651.6233	97.2997	0.89936	0.74056
11	447.21545	91.01806	31.57976	18.98163	0.67838	0.22015	0.91449	4.22236	4.0	10.96689	1.95366	33.18224	1002.0	204.3037	5.0	2.73075	0.98683	0.77147	489.03503	84.76937	0.93135	0.78208
12	1064.24966	152.25551	57.73582	24.66343	0.57691	0.47798	0.90121	4.37815	5.0	11.21796	1.75048	61.13558	1090.0	193.33649	11.0	1.4026	0.86707	0.9249	1180.91456	140.1511	0.9205	0.68086
13	5541.19193	416.57571	149.87911	57.44128	0.40126	0.55333	0.7338	3.40693	9.0	16.98572	5.00136	161.49595	1096.0	207.20763	19.0	2.04721	1.55617	0.94712	7551.36529	346.57983	0.83197	0.5797
14	466.46418	108.54884	34.92689	20.26757	0.49748	0.2462	0.79993	5.2244	5.0	5.63802	1.87551	43.02406	986.0	239.7603	7.0	1.98099	1.84534	0.86489	583.12908	92.0867	0.84834	0.69125
15	373.44493	76.86669	25.72608	19.09442	0.79426	0.08386	0.98862	2.48458	3.0	7.83377	4.68877	19.85755	999.0	219.64517	4.0	3.57215	0.38857	0.63213	377.74414	72.77702	0.9468	0.88603
16	474.57405	93.12111	34.09532	18.57707	0.68773	0.29395	0.94752	3.03512	3.0	12.62367	3.43843	29.27953	1068.0	211.31493	5.0	2.75248	0.58788	0.8182	500.85786	88.25145	0.94771	0.76572
17	4506.84131	369.90027	106.53424	63.03371	0.41392	0.23174	0.79827	5.45679	11.0	15.0462	3.58052	127.89387	1078.0	205.12679	22.0	1.87361	1.76295	0.95079	5645.74088	280.8957	0.75938	0.71778
18	3881.20869	324.32572	86.92048	64.26323	0.46368	0.08594	0.80358	5.6609	10.0	19.3617	3.00081	113.90721	1212.0	73.36893	16.0	2.39241	2.11401	0.94023	4829.86825	263.80451	0.81339	0.70083
19	1784.75801	189.99323	62.69787	39.3511	0.62132	0.18905	0.86969	4.09597	6.0	12.50747	4.32409	68.941	1178.0	122.80879	11.0	1.94394	1.27257	0.91711	2052.18836	169.89809	0.89423	0.77698
20	301.82402	80.04236	28.71122	14.42711	0.592	0.35618	0.92044	3.91278	3.0	13.62373	0.93775	32.41839	1194.0	73.37575	7.0	2.23902	0.5765	0.73843	327.9124	74.68004	0.93301	0.68007
21	467.24586	100.47145	35.62111	18.44362	0.58166	0.33313	0.87215	4.42241	4.0	11.91345	0.93775	38.79956	1094.0	190.92669	9.0	1.3635	0.73756	0.90171	535.74007	92.19475	0.91762	0.69079
22	4912.33489	356.80313	126.83882	56.02751	0.48489	0.45357	0.82888	4.03363	7.0	13.96255	7.68066	136.32827	1057.0	215.74986	25.0	1.33065	0.99976	0.95529	5926.45969	302.83046	0.84873	0.67313
23	3293.19414	255.30348	68.43748	63.71357	0.63491	0.0051	0.89072	4.74739	7.0	26.23007	3.52774	76.75023	1197.0	108.16654	16.0	1.48674	1.28557	0.96075	3697.22208	222.28917	0.87069	0.83751
24	3140.27909	289.03123	95.83171	46.33394	0.47238	0.38571	0.82773	4.79906	7.0	17.93684	4.42084	104.6293	1080.0	199.49436	19.0	1.4675	1.404	0.94188	3793.85657	243.9493	0.84402	0.6631
25	257.95254	65.43592	21.69528	15.71798	0.75704	0.09708	0.94964	4.18751	3.0	7.85598	2.70907	17.32546	1117.0	158.03481	4.0	3.1036	1.50993	0.67879	271.63184	61.39336	0.93822	0.86002
26	831.01757	128.2639	39.7743	28.36319	0.63476	0.10615	0.88668	4.98574	5.0	13.31916	1.56292	47.62778	1117.0	163.41971	9.0	1.8029	0.93397	0.88348	937.22757	114.81117	0.89512	0.79223
27	3211.41146	258.90281	78.63514	53.81907	0.60205	0.13105	0.90974	5.23208	10.0	14.30151	2.75075	95.16132	1003.0	220.17039	15.0	1.98038	1.3275	0.94578	3530.04147	224.99624	0.86904	0.79718
28	1195.37554	145.21933	40.70245	38.58409	0.7123	0.00285	0.91971	4.17596	4.0	19.52926	3.75102	46.85092	1129.0	167.33798	8.0	2.19049	0.95127	0.92316	1299.72907	133.52616	0.91948	0.84252
29	2014.08173	193.35963	70.36715	37.22033	0.67695	0.31671	0.94201	3.51792	4.0	9.13065	7.11131	68.36946	1024.0	214.38983	15.0	1.29678	0.58104	0.94077	2138.07483	177.35313	0.91722	0.80465
30	550.20105	108.97789	35.73897	21.91136	0.58218	0.20576	0.8325	5.03548	4.0	12.28427	1.17219	41.41671	955.0	217.26021	10.0	1.27405	0.77883	0.90286	660.90568	96.85074	0.88872	0.7371
