Object	Area_(microns^2)	Perimeter_(microns)	Length_(microns)	Width_(microns)	Circularity	Eccentricity	Solidity	MarginRoughness	BranchCount	AvgBranchLength_(microns)	AvgEndpointDist_(microns)	LongestPathLength_(microns)	MinCoreWidth_(microns)	MaxCoreWidth_(microns)	AvgConcavity	StdDevConcavity	ConvexHullArea_(microns^2)	ConvexHullPerimeter_(microns)	ConvexHullConvexity	ConvexHullRoundness	LobeNumber	NoneLobeArea_(microns^2)	AvgLobeLength_(microns)	AvgApicalLobeLength_(microns)	AvgBasalLobeLength_(microns)	AvgBasalLobeWidth_(microns)	AvgEquatorLobeWidth_(microns)
1	1096.10289	202.52804	64.36099	27.96204	0.33581	0.46572	0.73551	5.59623	7.0	7.91137	4.0636	65.03448	10.7921	14.3789	1064.0	208.32187	1490.26219	152.54468	0.7532	0.59193	8.0	510.23795	7.28264	4.19917	3.08348	13.88778	29.45716
2	309.05451	80.22547	27.68636	15.56365	0.60342	0.27014	0.87231	5.24121	3.0	11.70813	1.87551	30.5743	6.87687	10.25355	1009.0	230.37144	354.29391	73.16162	0.91195	0.72557	5.0	148.02958	4.69905	2.59884	2.10021	9.9803	19.56991
3	914.55902	167.27799	57.37703	25.30571	0.41072	0.4547	0.74731	5.59837	6.0	11.33758	3.12585	56.17484	10.31056	16.25441	1006.0	224.96	1223.80894	139.42093	0.83347	0.59124	9.0	554.8911	4.83948	2.55216	2.28732	11.78436	22.4654
4	1150.62468	215.74546	59.41589	34.0283	0.31064	0.25606	0.66535	5.43521	8.0	10.35303	3.28214	68.73186	13.52449	15.00407	908.0	192.87561	1729.35684	159.59202	0.73972	0.5677	11.0	741.22273	4.46768	2.55404	1.91364	13.00677	25.32013
5	1133.42784	198.30354	56.5716	37.49724	0.3622	0.15173	0.71314	5.30475	7.0	11.19657	3.61705	73.78146	10.62789	15.00407	1139.0	168.28547	1589.33942	152.08572	0.76693	0.61578	11.0	800.04372	3.98004	2.35484	1.6252	11.45093	22.37183
6	1219.2166	214.57097	53.44312	41.80226	0.33277	0.058	0.71356	5.98757	7.0	8.76879	2.72395	71.20113	10.62789	15.22388	951.0	220.82799	1708.64247	157.08124	0.73207	0.62093	13.0	873.03257	3.56334	1.83955	1.7238	10.50502	18.18814
7	1304.02827	253.25026	70.45367	36.87158	0.2555	0.32489	0.66584	6.15616	10.0	8.09525	2.65697	80.13661	10.47975	12.07403	1089.0	208.06489	1958.48514	178.52738	0.70494	0.51415	12.0	780.30644	5.37426	2.93107	2.44319	12.25789	20.90064
8	1223.02727	207.08734	63.41078	32.47232	0.35838	0.34162	0.74484	5.2056	7.0	9.61964	3.39378	73.41525	10.6829	18.30157	987.0	218.16737	1642.00473	153.80614	0.74271	0.64968	11.0	880.55618	4.12525	2.23965	1.88561	12.3655	22.248
9	853.49071	150.11342	44.06244	30.16714	0.47596	0.13084	0.7946	5.53003	5.0	10.60351	3.56347	43.96181	11.32231	16.83321	1121.0	178.14881	1074.1183	124.6359	0.83028	0.69043	8.0	534.46985	5.05722	2.46477	2.59245	12.27209	20.56942
10	496.26552	101.35557	32.83821	22.43691	0.60706	0.13211	0.8629	4.17439	3.0	15.06331	2.39648	34.20504	8.70761	14.04894	1073.0	181.09942	575.11692	92.06278	0.90831	0.73579	8.0	359.76563	2.75482	1.92252	0.8323	9.13643	18.94685
11	979.73112	180.74135	43.72953	40.14794	0.37688	0.00727	0.71139	5.76395	7.0	4.82646	3.88498	53.2413	9.37755	14.39249	1190.0	100.03999	1377.21254	139.6395	0.77259	0.63139	9.0	611.26936	5.17686	2.81244	2.36442	12.77969	22.07041
12	496.65636	111.95204	37.72825	20.74349	0.49797	0.28703	0.81056	5.49456	5.0	6.46591	2.75075	42.5912	10.47975	11.49361	873.0	196.4001	612.735	97.04194	0.86682	0.66275	9.0	332.70016	2.87985	1.72457	1.15528	8.75095	16.74442
13	1211.59528	195.25354	50.6926	37.38779	0.39936	0.08724	0.76866	6.09405	7.0	11.63491	3.39378	61.44816	13.00894	19.4708	1193.0	102.0686	1576.24638	146.50423	0.75033	0.70936	10.0	776.78891	5.47688	3.04089	2.43599	11.5949	20.61812
14	901.66139	168.68002	56.81223	23.13552	0.39822	0.51195	0.78263	5.92321	5.0	14.48293	1.25034	62.39512	12.00912	16.07306	1135.0	159.50235	1152.09032	135.81677	0.80517	0.61425	9.0	566.71392	5.24252	2.68385	2.55867	11.52691	19.66396
15	276.02876	74.49168	28.94651	12.86284	0.6251	0.44917	0.91721	5.2061	4.0	3.30666	3.82916	21.84952	8.75238	10.00272	1096.0	150.88406	300.94463	68.40192	0.91825	0.74136	6.0	147.05249	2.99842	2.11605	0.88237	8.73651	20.18054
16	842.74268	164.30383	57.68215	22.85868	0.39229	0.53078	0.78267	5.65586	4.0	13.03336	3.67287	60.82299	10.00272	12.50339	1183.0	116.769	1076.75645	134.17874	0.81665	0.58822	10.0	567.98414	3.84918	2.1957	1.65348	10.9044	20.1257
17	550.10334	103.86927	31.95678	23.56582	0.64074	0.08732	0.89252	6.36454	4.0	9.36509	2.81326	36.87962	12.1386	17.50475	1014.0	218.0665	616.35024	92.929	0.89467	0.80048	9.0	401.38979	2.91594	1.56177	1.35417	8.36818	15.87728
18	1361.77447	212.11472	51.69273	43.8476	0.38034	0.02661	0.7298	5.89152	7.0	9.50811	2.99188	66.79352	11.52756	20.00543	1177.0	119.38174	1865.95444	164.47464	0.7754	0.63258	11.0	966.14953	4.71822	2.49103	2.22719	11.80861	20.03819
19	604.23429	106.09798	30.34866	27.25945	0.67453	0.01144	0.88028	4.6691	6.0	7.73174	2.96956	35.3259	15.21104	17.50475	1135.0	147.07481	686.40781	96.11737	0.90593	0.82189	7.0	410.9653	3.96854	2.15763	1.81091	11.13043	20.10049
20	1600.38057	279.38172	63.30971	51.65758	0.25765	0.04026	0.58599	5.35301	8.0	12.57349	3.16492	83.31609	13.75373	16.83321	1025.0	215.88191	2731.07255	199.40458	0.71374	0.50578	17.0	1186.87483	3.23217	2.12021	1.11329	10.42674	19.47583
21	1164.40169	200.62111	61.5302	30.78738	0.36355	0.35944	0.74964	5.82331	7.0	11.06786	2.81326	71.02722	13.71104	16.36226	1008.0	232.29077	1553.28469	155.52827	0.77523	0.60491	10.0	711.81223	5.23068	2.72418	2.5065	12.25422	23.15863
22	1540.38706	256.62205	63.65027	40.49376	0.29394	0.17957	0.72673	5.25072	6.0	15.99213	4.48038	71.48229	10.6829	16.44565	1184.0	118.93696	2119.60777	171.07945	0.66666	0.66137	10.0	806.1017	7.2697	3.8934	3.37802	13.82519	26.11609
23	893.3561	153.81462	53.42755	23.78047	0.4745	0.44795	0.82029	5.62478	5.0	12.32625	3.56347	50.21351	15.62924	16.25441	1162.0	151.0	1089.06782	130.16857	0.84627	0.66256	9.0	556.74757	4.71384	2.91658	1.79726	11.00501	22.2576
24	662.27361	142.87034	34.68334	29.06786	0.40772	0.03056	0.7264	6.37843	5.0	13.55698	3.18837	49.6956	16.44565	17.20069	1020.0	204.36976	911.72545	110.57401	0.77395	0.68068	8.0	403.14856	4.51538	2.55583	1.95955	10.24162	20.07249
25	680.34983	128.21947	34.63713	29.48613	0.52004	0.02548	0.81277	5.36355	6.0	12.12644	2.136	42.89458	14.82061	19.4708	1143.0	143.36318	837.07555	111.48573	0.86949	0.68787	6.0	359.57021	6.6172	3.38003	3.23717	12.46001	22.48269
26	443.99104	96.53732	29.48812	20.53306	0.59868	0.12036	0.85221	6.07864	5.0	9.37018	1.31286	37.09415	13.65391	16.40996	892.0	221.57843	520.98597	85.54048	0.88609	0.7625	7.0	299.96754	3.96425	1.74639	2.21785	9.50589	14.22196
27	1417.27335	240.03283	59.55008	40.81699	0.30912	0.13012	0.69445	5.74453	8.0	12.88655	2.14902	73.91094	11.32231	16.89116	1181.0	127.26743	2040.85408	165.27358	0.68855	0.65201	11.0	920.12845	5.54486	2.97756	2.56731	12.51974	22.90655
28	1061.12296	200.89847	47.62047	40.26626	0.33039	0.02762	0.70593	5.54377	8.0	6.98556	3.0477	72.42925	9.8848	14.54108	1196.0	96.27045	1503.15982	144.5901	0.71972	0.63782	10.0	648.20347	5.18888	2.98211	2.20677	11.15349	21.72463
29	1245.4027	220.74682	57.84066	38.35844	0.32117	0.15138	0.68314	5.3644	7.0	14.28411	2.41137	75.22411	12.50339	14.75454	1125.0	183.09014	1823.06006	160.1827	0.72564	0.60994	10.0	773.85763	5.64781	3.11157	2.53624	12.99289	22.67822
30	1501.59647	249.08859	82.40652	28.83787	0.30413	0.61121	0.68223	4.93878	7.0	12.75315	3.66171	88.14735	12.02538	16.83321	1129.0	186.82345	2200.99962	189.7278	0.76169	0.52421	14.0	986.47306	3.9895	2.27349	1.71768	11.42766	21.56116
31	1590.70735	259.2246	61.20407	44.09281	0.29747	0.10027	0.72682	6.12017	9.0	9.21214	3.85521	78.08719	13.76794	16.44565	1118.0	190.11838	2188.59054	176.80824	0.68207	0.63943	16.0	1226.34938	3.24747	2.02555	1.22192	10.75817	19.73635
32	338.75813	94.37145	38.62285	12.88681	0.47799	0.63944	0.79756	4.61501	3.0	13.4036	2.29229	33.54845	6.52696	9.70524	1037.0	198.13632	424.74231	86.9835	0.92171	0.56263	7.0	204.40785	3.16532	1.82409	1.34123	9.50654	16.46557
33	737.21664	142.70024	37.42484	31.20282	0.45494	0.03235	0.78997	6.06542	4.0	16.71274	2.57883	44.50194	17.50475	18.12992	1153.0	132.78931	933.22149	119.49405	0.83738	0.6488	8.0	472.913	4.81632	2.59282	2.22351	10.80118	19.0661
34	658.26753	138.53858	45.4945	23.50766	0.43099	0.33471	0.75064	5.45002	6.0	6.5418	2.96956	46.49391	11.07804	13.75373	1100.0	191.95051	876.94094	115.63233	0.83466	0.61866	8.0	376.76705	4.18849	2.31186	1.87662	11.14889	18.61069
35	1420.69317	228.56525	54.39681	43.57811	0.34174	0.04761	0.73025	6.21495	9.0	12.0992	2.15336	70.76827	13.65391	20.0152	1126.0	168.31221	1945.48981	169.16023	0.7401	0.6239	13.0	1007.08972	4.60504	2.34605	2.25899	10.70849	18.1992
36	1099.42501	198.83446	55.27503	34.92245	0.34946	0.18441	0.69914	5.36213	6.0	9.11986	3.02165	63.64546	10.3484	13.12856	1188.0	116.78185	1572.53342	153.33227	0.77116	0.58764	12.0	790.56592	3.76735	2.22015	1.5472	10.51354	17.65269
37	1439.25794	222.11744	72.80493	31.48164	0.36659	0.46916	0.73521	5.27039	5.0	16.08432	3.3134	79.21187	13.49556	17.50475	1080.0	208.92104	1957.60576	174.55669	0.78588	0.59357	11.0	906.35144	5.377	2.84856	2.52844	13.30923	23.93747
38	1052.42684	194.14188	54.33819	35.59746	0.35088	0.15953	0.69116	6.00922	8.0	8.3626	2.26624	61.31487	12.1386	13.65391	993.0	228.16441	1522.70168	148.99431	0.76745	0.59575	11.0	749.3326	3.97452	1.85691	2.11761	11.45593	16.60312
39	1390.20787	223.12183	54.59896	43.17977	0.35092	0.0531	0.74668	5.73387	7.0	13.75405	3.25981	74.44725	12.65872	18.04349	1148.0	160.50234	1861.85065	161.02405	0.72169	0.67376	12.0	949.24582	4.44392	2.41419	2.02973	11.73339	20.72513
40	1355.71649	221.27774	58.69264	44.76293	0.34794	0.06996	0.69126	4.89043	6.0	11.36005	3.64682	76.21169	13.05393	15.93876	1209.0	92.39589	1961.221	169.67683	0.7668	0.59174	14.0	1016.86065	3.18775	1.81141	1.37634	11.03513	19.06816
41	481.90225	95.51452	30.78677	20.7425	0.66379	0.14106	0.89869	5.69511	6.0	6.96229	3.49053	33.21365	14.86011	15.9755	1142.0	134.12308	536.22862	86.19678	0.90245	0.81505	8.0	341.39628	3.09804	1.67188	1.42616	8.86632	16.83529
42	528.21646	113.46134	43.43423	17.61204	0.51562	0.51494	0.82978	5.00702	4.0	7.65373	3.20399	40.31806	10.4049	12.50339	919.0	215.71045	636.57607	102.44686	0.90292	0.63245	7.0	319.41169	3.99497	2.11652	1.87845	11.36166	19.00567
43	347.25884	91.0939	32.70348	16.03038	0.52588	0.37522	0.81346	5.72299	3.0	13.34256	1.9797	31.23088	7.29067	10.08056	1041.0	174.7627	426.89192	82.1098	0.90138	0.64725	6.0	201.08573	3.94536	2.08933	1.85604	9.62245	16.56665
44	829.16109	152.90447	45.02771	30.22107	0.44566	0.14354	0.75344	5.27067	5.0	12.33698	3.37592	51.8837	12.50339	15.81568	1146.0	158.33193	1100.49981	127.95306	0.83682	0.63643	9.0	566.22537	4.26186	2.53273	1.72912	11.20512	20.17433
45	369.14572	78.68476	28.5948	16.90146	0.74925	0.2325	0.94877	4.07085	3.0	8.12107	4.58458	18.97343	10.31056	13.75373	1195.0	52.45951	389.07842	74.65849	0.94883	0.83224	5.0	194.93005	4.23866	2.55027	1.68839	11.51502	27.19144
46	1129.42176	180.58966	51.02665	35.7944	0.43519	0.11588	0.76927	4.8114	5.0	13.25068	4.12612	57.77838	13.49556	16.77506	1161.0	156.73226	1468.17989	143.34397	0.79376	0.69073	9.0	733.01514	4.79645	2.96167	1.83478	13.45012	26.44077
47	1621.29036	259.47054	58.87563	49.86335	0.30262	0.0271	0.68759	5.65032	8.0	11.91202	2.30531	91.11231	12.82741	16.89116	1058.0	208.8971	2357.92075	180.29038	0.69484	0.6268	15.0	1214.33114	3.6344	1.98512	1.64928	11.34796	20.5649
48	1414.34207	237.16594	79.47178	27.48285	0.31598	0.61837	0.74953	5.71818	10.0	8.70617	3.43843	82.45418	10.6829	16.89116	1103.0	180.12218	1886.96194	184.2239	0.77677	0.52369	13.0	985.49597	4.3915	2.60891	1.78259	12.37255	22.56518
49	1588.85087	305.99967	74.44023	38.77907	0.21323	0.32844	0.63482	5.5948	8.0	15.94814	2.57883	89.60683	11.40828	14.39249	969.0	218.40559	2502.82364	190.84108	0.62366	0.54821	13.0	992.04249	5.53293	3.31316	2.21977	12.94956	25.58532
50	1177.78786	188.24339	52.48867	34.26127	0.41767	0.16197	0.7805	5.80013	7.0	12.92596	2.6793	63.82857	15.05608	16.36226	934.0	230.58404	1509.02238	147.4673	0.78339	0.68059	10.0	808.93527	5.00897	2.73298	2.27599	12.5259	21.93377
51	545.41329	106.23127	34.7179	22.4492	0.60734	0.16837	0.87424	4.69356	4.0	12.07435	3.43843	36.82599	15.74137	16.25441	1087.0	170.25569	623.87386	97.37469	0.91663	0.72284	6.0	326.73989	5.14956	2.96224	2.18733	11.4871	22.67804
52	515.12341	103.5973	32.42871	22.78628	0.60315	0.11488	0.87984	5.28108	3.0	14.38451	1.87551	39.63926	13.83872	13.83872	1155.0	125.29964	585.47411	92.61061	0.89395	0.75474	8.0	335.2406	3.05547	1.79416	1.26131	9.03538	19.47149
53	732.91743	125.20088	36.16828	28.28886	0.58756	0.05803	0.86727	5.27411	5.0	11.59122	3.06333	40.63064	14.3789	21.1544	999.0	218.35064	845.08771	110.04142	0.87892	0.76059	8.0	494.60446	4.08297	2.22894	1.85403	10.4844	21.0652
54	377.54872	82.26568	30.14538	16.92781	0.70104	0.27096	0.93718	3.17038	0.0	NaN	4.53248	21.87174	10.02223	12.65872	1042.0	190.81143	402.85543	77.35174	0.94027	0.79294	6.0	232.84125	3.16817	2.46603	0.70214	10.61587	26.45589
55	449.36506	111.88921	39.30769	17.30471	0.45106	0.45604	0.79252	5.3913	4.0	7.49744	2.96956	36.98689	3.12585	6.37551	902.0	186.60654	567.00705	96.8745	0.86581	0.60171	8.0	267.23493	3.52824	2.19252	1.33572	8.21444	17.13247
56	515.41654	109.75475	43.17522	15.76813	0.53768	0.58466	0.89135	5.30594	4.0	7.3467	2.26624	41.94381	11.86176	12.5813	1014.0	212.29461	578.24362	100.17823	0.91275	0.64539	8.0	336.70624	3.23573	1.47769	1.75803	10.02481	18.58653
57	772.00115	146.31797	46.09437	26.56298	0.45314	0.2514	0.78876	5.75577	6.0	8.62787	3.85521	48.60616	11.25306	16.83321	827.0	158.66632	978.75403	121.92324	0.83328	0.65261	9.0	491.38005	3.9424	2.19918	1.74322	9.7473	17.97054
58	305.43926	74.42885	28.39867	14.46901	0.69287	0.34554	0.93425	3.7515	3.0	7.76533	3.54263	20.2774	11.07804	11.07804	855.0	157.77516	326.93531	69.8664	0.9387	0.78632	5.0	126.63125	4.04384	2.58382	1.46003	9.59294	23.02
